0.5025768451611811 -0.45517212256542927 0.7350065403798853
0.24797980789769725 -0.12340886479429311 0.9608725184367035
-0.034157699686059056 -0.1634390273417722 0.9859617954856168
-0.09095333153543159 -0.43170982897849225 0.8974150954348583
-0.3166774939725533 -0.49598389455359054 0.8085264942320267
-0.10724088255398026 -0.5516499509653348 0.827152629725648
0.28560141997129973 -0.41055269007703976 0.8659549990534137
0.10577629003983609 -0.4190729491171294 0.9017699139202968
0.21279815820913317 -0.3236283371722875 0.9219443466550905
0.09338798267126117 -0.3215994968000671 0.9422590836058946
0.13294601602533906 -0.03245985115232942 0.9905914599427528
-0.13894586518783492 -0.34929746332357703 0.926652611878547
